208 0 0.906200
208 1 0.910600
56 0 0.945300
56 1 0.947300
47 0 0.945400
47 1 0.947300
71 0 0.943200
71 1 0.940300
147 0 0.936300
147 1 0.933500
50 0 0.943400
50 1 0.944100
74 0 0.944000
74 1 0.942600
207 0 0.907200
207 1 0.907500
136 0 0.934000
136 1 0.933700
222 0 0.901800
222 1 0.902900
111 0 0.938600
111 1 0.940100
106 0 0.936800
106 1 0.939700
34 0 0.942500
34 1 0.944100
125 0 0.933500
125 1 0.935300
225 0 0.902300
225 1 0.899100
91 0 0.939800
91 1 0.941800
252 0 0.862400
252 1 0.855300
98 0 0.941800
98 1 0.942400
224 0 0.904400
224 1 0.902600
57 0 0.943800
57 1 0.944900
27 0 0.945700
27 1 0.943800
172 0 0.927000
172 1 0.919600
8 0 0.946600
8 1 0.948400
16 0 0.945700
16 1 0.941400
124 0 0.936500
124 1 0.935800
213 0 0.912900
213 1 0.906600
130 0 0.930900
130 1 0.931300
113 0 0.937100
113 1 0.936900
26 0 0.946200
26 1 0.946000
194 0 0.920500
194 1 0.916500
144 0 0.931400
144 1 0.935100
108 0 0.939000
108 1 0.939700
127 0 0.935700
127 1 0.938000
6 0 0.948100
6 1 0.945200
200 0 0.917200
200 1 0.913800
182 0 0.922000
182 1 0.923500
148 0 0.931400
148 1 0.929700
249 0 0.869300
249 1 0.867500
102 0 0.940300
102 1 0.935100
141 0 0.936500
141 1 0.932800
179 0 0.925300
179 1 0.922100
146 0 0.933900
146 1 0.930000
226 0 0.904600
226 1 0.902300
3 0 0.945100
3 1 0.945600
204 0 0.909800
204 1 0.911300
155 0 0.929100
155 1 0.928200
101 0 0.938000
101 1 0.937200
223 0 0.902000
223 1 0.899400
70 0 0.945300
70 1 0.943000
206 0 0.909800
206 1 0.913700
21 0 0.943900
21 1 0.945700
237 0 0.889300
237 1 0.889700
90 0 0.940500
90 1 0.941100
38 0 0.943100
38 1 0.944400
149 0 0.929800
149 1 0.933800
202 0 0.914300
202 1 0.914700
163 0 0.930000
163 1 0.925500
159 0 0.934500
159 1 0.932400
75 0 0.940200
75 1 0.943300
30 0 0.946200
30 1 0.945600
104 0 0.936400
104 1 0.943100
168 0 0.930000
168 1 0.928600
199 0 0.920500
199 1 0.911800
131 0 0.934300
131 1 0.937200
145 0 0.937000
145 1 0.933000
183 0 0.923500
183 1 0.924600
86 0 0.942500
86 1 0.938700
63 0 0.938200
63 1 0.939800
36 0 0.945500
36 1 0.944800
196 0 0.915500
196 1 0.919700
60 0 0.943500
60 1 0.941200
189 0 0.919800
189 1 0.925500
126 0 0.938200
126 1 0.934400
150 0 0.936100
150 1 0.928500
205 0 0.915900
205 1 0.913400
246 0 0.874700
246 1 0.876200
53 0 0.941400
53 1 0.941100
235 0 0.889900
235 1 0.889300
240 0 0.889800
240 1 0.881400
59 0 0.941000
59 1 0.943500
14 0 0.942500
14 1 0.945800
32 0 0.946200
32 1 0.942300
169 0 0.927800
169 1 0.927700
184 0 0.920000
184 1 0.917000
177 0 0.923000
177 1 0.925200
191 0 0.922300
191 1 0.922500
250 0 0.866700
250 1 0.863900
81 0 0.944600
81 1 0.940800
165 0 0.927000
165 1 0.928400
58 0 0.947700
58 1 0.943500
121 0 0.937300
121 1 0.935900
238 0 0.890900
238 1 0.885700
64 0 0.944400
64 1 0.941300
28 0 0.942900
28 1 0.942600
188 0 0.919800
188 1 0.922600
80 0 0.943000
80 1 0.943900
33 0 0.944600
33 1 0.943400
13 0 0.943200
13 1 0.946000
243 0 0.884000
243 1 0.880400
79 0 0.939500
79 1 0.942100
44 0 0.944800
44 1 0.942000
1 0 0.944800
1 1 0.943300
176 0 0.919400
176 1 0.932300
244 0 0.878700
244 1 0.882500
110 0 0.936900
110 1 0.935300
9 0 0.947900
9 1 0.944500
227 0 0.903500
227 1 0.900900
154 0 0.932500
154 1 0.931000
236 0 0.888800
236 1 0.891100
78 0 0.943400
78 1 0.942800
193 0 0.917200
193 1 0.917400
12 0 0.942900
12 1 0.942300
4 0 0.943900
4 1 0.945800
92 0 0.940800
92 1 0.943700
135 0 0.938000
135 1 0.936100
2 0 0.947100
2 1 0.942500
170 0 0.924400
170 1 0.926800
116 0 0.938300
116 1 0.936300
20 0 0.947000
20 1 0.943800
220 0 0.908800
220 1 0.902400
173 0 0.923400
173 1 0.923300
178 0 0.922400
178 1 0.923400
119 0 0.932900
119 1 0.936400
190 0 0.921500
190 1 0.915900
212 0 0.912500
212 1 0.911000
52 0 0.941400
52 1 0.939600
231 0 0.891600
231 1 0.897400
24 0 0.944400
24 1 0.944200
253 0 0.801600
253 1 0.805800
210 0 0.911900
210 1 0.907500
180 0 0.918400
180 1 0.924200
167 0 0.922000
167 1 0.926400
217 0 0.912000
217 1 0.908800
171 0 0.925800
171 1 0.926100
65 0 0.941700
65 1 0.943300
201 0 0.919000
201 1 0.913400
192 0 0.919500
192 1 0.917800
51 0 0.943900
51 1 0.947700
94 0 0.941700
94 1 0.940500
195 0 0.914900
195 1 0.919400
233 0 0.890800
233 1 0.894100
22 0 0.945100
22 1 0.943600
114 0 0.935700
114 1 0.936500
158 0 0.930300
158 1 0.930900
48 0 0.942300
48 1 0.946900
133 0 0.934300
133 1 0.939200
62 0 0.943500
62 1 0.942400
241 0 0.879300
241 1 0.884300
87 0 0.939700
87 1 0.936500
103 0 0.940400
103 1 0.940600
107 0 0.938500
107 1 0.938800
129 0 0.936800
129 1 0.935200
82 0 0.938800
82 1 0.941400
234 0 0.895700
234 1 0.890900
162 0 0.927500
162 1 0.929800
143 0 0.934200
143 1 0.930900
15 0 0.945600
15 1 0.944300
160 0 0.927300
160 1 0.929200
99 0 0.940500
99 1 0.941100
186 0 0.924200
186 1 0.924000
76 0 0.941700
76 1 0.941400
215 0 0.905000
215 1 0.909000
251 0 0.860100
251 1 0.864200
43 0 0.948500
43 1 0.940600
96 0 0.937200
96 1 0.943100
164 0 0.929300
164 1 0.930100
93 0 0.939100
93 1 0.940700
17 0 0.945300
17 1 0.944400
41 0 0.941600
41 1 0.943500
214 0 0.904700
214 1 0.906300
216 0 0.907500
216 1 0.912300
31 0 0.948300
31 1 0.943600
254 0 0.483600
254 1 0.596400
242 0 0.879300
242 1 0.884700
248 0 0.867400
248 1 0.873000
156 0 0.926500
156 1 0.928500
55 0 0.940500
55 1 0.942300
139 0 0.931300
139 1 0.930500
232 0 0.894500
232 1 0.892600
185 0 0.917600
185 1 0.923000
105 0 0.936900
105 1 0.942500
42 0 0.946200
42 1 0.944300
174 0 0.926400
174 1 0.921200
112 0 0.939400
112 1 0.937600
29 0 0.942300
29 1 0.944500
181 0 0.919900
181 1 0.921100
37 0 0.945000
37 1 0.946300
118 0 0.938200
118 1 0.935600
239 0 0.886100
239 1 0.882700
132 0 0.936700
132 1 0.933300
161 0 0.924400
161 1 0.931100
228 0 0.903100
228 1 0.895000
209 0 0.910400
209 1 0.916500
247 0 0.873100
247 1 0.869300
39 0 0.944200
39 1 0.941300
229 0 0.896700
229 1 0.898200
230 0 0.895400
230 1 0.892300
142 0 0.934700
142 1 0.937100
138 0 0.931600
138 1 0.931400
45 0 0.948200
45 1 0.950000
19 0 0.949200
19 1 0.943300
218 0 0.904000
218 1 0.907500
84 0 0.943500
84 1 0.939300
219 0 0.906100
219 1 0.908800
117 0 0.939100
117 1 0.938300
10 0 0.946200
10 1 0.946000
69 0 0.944300
69 1 0.942100
197 0 0.916600
197 1 0.921700
128 0 0.935600
128 1 0.936200
245 0 0.880100
245 1 0.878700
18 0 0.945200
18 1 0.944500
83 0 0.943500
83 1 0.943100
137 0 0.934500
137 1 0.936900
46 0 0.946500
46 1 0.944400
73 0 0.941900
73 1 0.942400
88 0 0.941900
88 1 0.942300
120 0 0.933100
120 1 0.934300
7 0 0.947900
7 1 0.945300
157 0 0.927000
157 1 0.929000
68 0 0.942300
68 1 0.944100
123 0 0.931300
123 1 0.937200
40 0 0.946400
40 1 0.941000
89 0 0.940000
89 1 0.940500
115 0 0.935100
115 1 0.936800
95 0 0.939800
95 1 0.939200
61 0 0.944800
61 1 0.944300
198 0 0.914800
198 1 0.920900
175 0 0.922900
175 1 0.923600
35 0 0.945600
35 1 0.940400
54 0 0.948600
54 1 0.939400
166 0 0.927400
166 1 0.927500
77 0 0.947700
77 1 0.939800
140 0 0.929500
140 1 0.930500
187 0 0.922500
187 1 0.921000
23 0 0.945200
23 1 0.944800
109 0 0.939900
109 1 0.942200
134 0 0.935400
134 1 0.933400
100 0 0.939500
100 1 0.940000
211 0 0.915600
211 1 0.912000
67 0 0.943100
67 1 0.940500
97 0 0.936400
97 1 0.939700
152 0 0.927900
152 1 0.930900
5 0 0.943200
5 1 0.945700
49 0 0.944800
49 1 0.941800
72 0 0.940400
72 1 0.942200
122 0 0.937200
122 1 0.933900
203 0 0.911700
203 1 0.911100
85 0 0.941700
85 1 0.943500
151 0 0.933300
151 1 0.936400
25 0 0.947000
25 1 0.942400
11 0 0.943700
11 1 0.946600
66 0 0.945200
66 1 0.939800
153 0 0.930500
153 1 0.933600
221 0 0.904100
221 1 0.903300
