208 30 0.906900
208 31 0.907000
208 32 0.911900
208 33 0.911700
208 34 0.913100
208 35 0.914500
208 36 0.911600
208 37 0.913900
208 38 0.912800
208 39 0.913200
208 40 0.907800
56 30 0.944400
56 31 0.945000
56 32 0.945000
56 33 0.944000
56 34 0.944600
56 35 0.942600
56 36 0.946800
56 37 0.947200
56 38 0.945500
56 39 0.944700
56 40 0.945500
47 30 0.940600
47 31 0.943000
47 32 0.946300
47 33 0.944700
47 34 0.948000
47 35 0.944300
47 36 0.945400
47 37 0.946600
47 38 0.944200
47 39 0.944800
47 40 0.942200
71 30 0.941800
71 31 0.939900
71 32 0.945600
71 33 0.943300
71 34 0.945000
71 35 0.941200
71 36 0.945600
71 37 0.943700
71 38 0.944700
71 39 0.941200
71 40 0.941800
147 30 0.931300
147 31 0.935300
147 32 0.930700
147 33 0.935100
147 34 0.935300
147 35 0.932500
147 36 0.935100
147 37 0.934400
147 38 0.931300
147 39 0.936800
147 40 0.927700
50 30 0.947200
50 31 0.942100
50 32 0.945100
50 33 0.945200
50 34 0.946700
50 35 0.941300
50 36 0.945400
50 37 0.943800
50 38 0.943400
50 39 0.944700
50 40 0.946600
74 30 0.942800
74 31 0.941300
74 32 0.943800
74 33 0.941500
74 34 0.940700
74 35 0.944600
74 36 0.942400
74 37 0.941100
74 38 0.942800
74 39 0.943200
74 40 0.941200
207 30 0.908800
207 31 0.908500
207 32 0.909400
207 33 0.907800
207 34 0.907900
207 35 0.912800
207 36 0.915400
207 37 0.912700
207 38 0.910300
207 39 0.912700
207 40 0.907900
136 30 0.935400
136 31 0.932200
136 32 0.933700
136 33 0.936000
136 34 0.933000
136 35 0.935100
136 36 0.934700
136 37 0.934900
136 38 0.936400
136 39 0.932800
136 40 0.934600
222 30 0.903400
222 31 0.896700
222 32 0.896800
222 33 0.899200
222 34 0.899600
222 35 0.901500
222 36 0.899000
222 37 0.908000
222 38 0.899900
222 39 0.902200
222 40 0.902300
111 30 0.937000
111 31 0.941400
111 32 0.935800
111 33 0.940600
111 34 0.937400
111 35 0.935400
111 36 0.939300
111 37 0.944000
111 38 0.939300
111 39 0.939100
111 40 0.936200
106 30 0.937500
106 31 0.935400
106 32 0.941800
106 33 0.940100
106 34 0.940900
106 35 0.940900
106 36 0.941700
106 37 0.943900
106 38 0.939100
106 39 0.940800
106 40 0.936400
34 30 0.943500
34 31 0.942900
34 32 0.946500
34 33 0.945500
34 34 0.945300
34 35 0.945900
34 36 0.949100
34 37 0.946200
34 38 0.947000
34 39 0.947900
34 40 0.942600
125 30 0.932600
125 31 0.937100
125 32 0.935700
125 33 0.938300
125 34 0.936900
125 35 0.935900
125 36 0.940000
125 37 0.938700
125 38 0.931600
125 39 0.936100
125 40 0.932800
225 30 0.890700
225 31 0.895800
225 32 0.898200
225 33 0.895900
225 34 0.902200
225 35 0.896800
225 36 0.904600
225 37 0.902400
225 38 0.898300
225 39 0.903800
225 40 0.902600
91 30 0.941000
91 31 0.941300
91 32 0.940500
91 33 0.943000
91 34 0.941300
91 35 0.942000
91 36 0.946700
91 37 0.944600
91 38 0.939800
91 39 0.942100
91 40 0.940300
252 30 0.836900
252 31 0.839400
252 32 0.836400
252 33 0.838400
252 34 0.843600
252 35 0.847600
252 36 0.850000
252 37 0.851900
252 38 0.853500
252 39 0.846600
252 40 0.856000
98 30 0.940400
98 31 0.943500
98 32 0.937600
98 33 0.943700
98 34 0.942300
98 35 0.942600
98 36 0.939100
98 37 0.938200
98 38 0.942900
98 39 0.937500
98 40 0.941200
224 30 0.891800
224 31 0.894300
224 32 0.904700
224 33 0.899200
224 34 0.896900
224 35 0.897400
224 36 0.900400
224 37 0.902200
224 38 0.907900
224 39 0.897900
224 40 0.897500
57 30 0.944000
57 31 0.942000
57 32 0.946300
57 33 0.945000
57 34 0.943400
57 35 0.946800
57 36 0.946800
57 37 0.945500
57 38 0.941800
57 39 0.943300
57 40 0.943900
27 30 0.947400
27 31 0.945600
27 32 0.947900
27 33 0.942800
27 34 0.944800
27 35 0.944800
27 36 0.947000
27 37 0.944300
27 38 0.947200
27 39 0.944800
27 40 0.944800
172 30 0.923700
172 31 0.921500
172 32 0.927100
172 33 0.926200
172 34 0.927200
172 35 0.924400
172 36 0.930200
172 37 0.928400
172 38 0.927800
172 39 0.923100
172 40 0.926100
8 30 0.946300
8 31 0.944800
8 32 0.944300
8 33 0.948600
8 34 0.947000
8 35 0.946600
8 36 0.947500
8 37 0.946200
8 38 0.944200
8 39 0.948100
8 40 0.946500
16 30 0.945500
16 31 0.943000
16 32 0.944100
16 33 0.945700
16 34 0.948800
16 35 0.945100
16 36 0.948400
16 37 0.945200
16 38 0.946200
16 39 0.944700
16 40 0.942500
124 30 0.938100
124 31 0.936500
124 32 0.938100
124 33 0.935900
124 34 0.939700
124 35 0.938900
124 36 0.935200
124 37 0.937500
124 38 0.933400
124 39 0.937200
124 40 0.933800
213 30 0.904800
213 31 0.908100
213 32 0.905900
213 33 0.908800
213 34 0.907600
213 35 0.908000
213 36 0.912700
213 37 0.912800
213 38 0.909600
213 39 0.911300
213 40 0.912200
130 30 0.936300
130 31 0.934800
130 32 0.935000
130 33 0.934900
130 34 0.935100
130 35 0.938400
130 36 0.939100
130 37 0.936600
130 38 0.940000
130 39 0.931400
130 40 0.937500
113 30 0.935300
113 31 0.937100
113 32 0.941400
113 33 0.942300
113 34 0.940800
113 35 0.938700
113 36 0.938100
113 37 0.939900
113 38 0.937100
113 39 0.939600
113 40 0.938100
26 30 0.945900
26 31 0.946300
26 32 0.947400
26 33 0.944500
26 34 0.946700
26 35 0.949800
26 36 0.946800
26 37 0.947000
26 38 0.946000
26 39 0.946000
26 40 0.946500
194 30 0.915300
194 31 0.913200
194 32 0.918100
194 33 0.922600
194 34 0.918700
194 35 0.917600
194 36 0.917900
194 37 0.918900
194 38 0.924000
194 39 0.920300
194 40 0.918900
144 30 0.929800
144 31 0.930400
144 32 0.936400
144 33 0.932600
144 34 0.934800
144 35 0.934200
144 36 0.935300
144 37 0.931500
144 38 0.933200
144 39 0.929800
144 40 0.931800
108 30 0.939600
108 31 0.939300
108 32 0.936500
108 33 0.941300
108 34 0.939300
108 35 0.937100
108 36 0.938500
108 37 0.936800
108 38 0.940700
108 39 0.941100
108 40 0.941700
127 30 0.936400
127 31 0.934100
127 32 0.932900
127 33 0.936300
127 34 0.939800
127 35 0.936900
127 36 0.937900
127 37 0.935100
127 38 0.934300
127 39 0.934600
127 40 0.935300
6 30 0.946200
6 31 0.946000
6 32 0.945900
6 33 0.946700
6 34 0.945300
6 35 0.950300
6 36 0.948200
6 37 0.943600
6 38 0.949500
6 39 0.943100
6 40 0.946100
200 30 0.910700
200 31 0.911900
200 32 0.910800
200 33 0.910300
200 34 0.914800
200 35 0.916000
200 36 0.911300
200 37 0.916800
200 38 0.915300
200 39 0.917600
200 40 0.915600
182 30 0.922800
182 31 0.922300
182 32 0.925900
182 33 0.924600
182 34 0.921600
182 35 0.925400
182 36 0.924400
182 37 0.927200
182 38 0.923500
182 39 0.919000
182 40 0.923100
148 30 0.930800
148 31 0.933400
148 32 0.931200
148 33 0.936200
148 34 0.931700
148 35 0.933700
148 36 0.935400
148 37 0.934500
148 38 0.932800
148 39 0.931800
148 40 0.930700
249 30 0.854800
249 31 0.852900
249 32 0.857800
249 33 0.854900
249 34 0.852200
249 35 0.853300
249 36 0.861800
249 37 0.862700
249 38 0.855800
249 39 0.872300
249 40 0.871700
102 30 0.940800
102 31 0.936800
102 32 0.940400
102 33 0.938300
102 34 0.941400
102 35 0.940600
102 36 0.939100
102 37 0.939300
102 38 0.939400
102 39 0.936700
102 40 0.939400
141 30 0.932800
141 31 0.939100
141 32 0.933800
141 33 0.933500
141 34 0.933400
141 35 0.936100
141 36 0.933500
141 37 0.932900
141 38 0.935200
141 39 0.936100
141 40 0.932200
179 30 0.919500
179 31 0.923400
179 32 0.922200
179 33 0.924300
179 34 0.924800
179 35 0.925900
179 36 0.925700
179 37 0.923700
179 38 0.922700
179 39 0.926000
179 40 0.920100
146 30 0.931000
146 31 0.929500
146 32 0.934700
146 33 0.933000
146 34 0.931300
146 35 0.933900
146 36 0.930100
146 37 0.930900
146 38 0.935900
146 39 0.932100
146 40 0.929900
226 30 0.891600
226 31 0.897600
226 32 0.896800
226 33 0.894600
226 34 0.898500
226 35 0.901400
226 36 0.901000
226 37 0.903900
226 38 0.899500
226 39 0.900400
226 40 0.901200
3 30 0.943900
3 31 0.947100
3 32 0.944500
3 33 0.946200
3 34 0.945300
3 35 0.947100
3 36 0.946900
3 37 0.947700
3 38 0.946800
3 39 0.946000
3 40 0.945900
204 30 0.907700
204 31 0.906100
204 32 0.904500
204 33 0.910300
204 34 0.912700
204 35 0.910900
204 36 0.913200
204 37 0.914900
204 38 0.910900
204 39 0.909300
204 40 0.912900
155 30 0.926300
155 31 0.931000
155 32 0.929000
155 33 0.928200
155 34 0.930900
155 35 0.932800
155 36 0.933400
155 37 0.932400
155 38 0.930800
155 39 0.929900
155 40 0.927400
101 30 0.938000
101 31 0.937600
101 32 0.938000
101 33 0.941000
101 34 0.939400
101 35 0.936600
101 36 0.941200
101 37 0.944400
101 38 0.942100
101 39 0.941100
101 40 0.939800
223 30 0.892900
223 31 0.894900
223 32 0.895900
223 33 0.897300
223 34 0.902100
223 35 0.899200
223 36 0.903100
223 37 0.901400
223 38 0.902200
223 39 0.900100
223 40 0.901800
70 30 0.940500
70 31 0.944100
70 32 0.941900
70 33 0.940300
70 34 0.945100
70 35 0.944500
70 36 0.942000
70 37 0.945700
70 38 0.941900
70 39 0.942900
70 40 0.941700
206 30 0.908900
206 31 0.909600
206 32 0.912000
206 33 0.912700
206 34 0.914000
206 35 0.913400
206 36 0.916400
206 37 0.911500
206 38 0.916600
206 39 0.908200
206 40 0.913400
21 30 0.945800
21 31 0.944600
21 32 0.946900
21 33 0.948900
21 34 0.947700
21 35 0.949100
21 36 0.945100
21 37 0.946000
21 38 0.940200
21 39 0.947300
21 40 0.945000
237 30 0.876700
237 31 0.875800
237 32 0.878700
237 33 0.885600
237 34 0.882900
237 35 0.885600
237 36 0.888500
237 37 0.886800
237 38 0.886100
237 39 0.888600
237 40 0.886500
90 30 0.939500
90 31 0.943000
90 32 0.943600
90 33 0.940000
90 34 0.941500
90 35 0.942900
90 36 0.940000
90 37 0.939500
90 38 0.940300
90 39 0.942300
90 40 0.940400
38 30 0.946700
38 31 0.946100
38 32 0.942100
38 33 0.946300
38 34 0.943800
38 35 0.946900
38 36 0.947000
38 37 0.947000
38 38 0.946900
38 39 0.944600
38 40 0.948400
149 30 0.931900
149 31 0.929600
149 32 0.934400
149 33 0.937300
149 34 0.932500
149 35 0.929400
149 36 0.931600
149 37 0.930400
149 38 0.932800
149 39 0.934000
149 40 0.936600
202 30 0.911100
202 31 0.911200
202 32 0.913100
202 33 0.911000
202 34 0.912200
202 35 0.913800
202 36 0.913800
202 37 0.914000
202 38 0.912400
202 39 0.913200
202 40 0.912800
163 30 0.926200
163 31 0.926700
163 32 0.933600
163 33 0.928500
163 34 0.932300
163 35 0.929200
163 36 0.927900
163 37 0.934700
163 38 0.926500
163 39 0.922800
163 40 0.926000
159 30 0.929300
159 31 0.927300
159 32 0.930200
159 33 0.932800
159 34 0.930600
159 35 0.930300
159 36 0.928300
159 37 0.932200
159 38 0.930500
159 39 0.928800
159 40 0.929800
75 30 0.939400
75 31 0.946000
75 32 0.941700
75 33 0.943100
75 34 0.941900
75 35 0.944300
75 36 0.943300
75 37 0.942000
75 38 0.945200
75 39 0.942100
75 40 0.944600
30 30 0.944500
30 31 0.947000
30 32 0.949500
30 33 0.943900
30 34 0.947000
30 35 0.947600
30 36 0.947400
30 37 0.944700
30 38 0.947700
30 39 0.942900
30 40 0.945300
104 30 0.936400
104 31 0.939900
104 32 0.941500
104 33 0.942200
104 34 0.937500
104 35 0.941300
104 36 0.941300
104 37 0.940600
104 38 0.938900
104 39 0.938400
104 40 0.940500
168 30 0.928600
168 31 0.925800
168 32 0.929600
168 33 0.925400
168 34 0.929300
168 35 0.928200
168 36 0.930400
168 37 0.924900
168 38 0.931500
168 39 0.927300
168 40 0.931900
199 30 0.913800
199 31 0.914400
199 32 0.914900
199 33 0.914500
199 34 0.917300
199 35 0.918300
199 36 0.918800
199 37 0.914400
199 38 0.912700
199 39 0.917600
199 40 0.916600
131 30 0.935400
131 31 0.935200
131 32 0.936800
131 33 0.936500
131 34 0.938800
131 35 0.936300
131 36 0.935700
131 37 0.937000
131 38 0.940700
131 39 0.932800
131 40 0.935100
145 30 0.929500
145 31 0.931800
145 32 0.933300
145 33 0.932500
145 34 0.934200
145 35 0.934500
145 36 0.935600
145 37 0.937200
145 38 0.937100
145 39 0.935400
145 40 0.935400
183 30 0.918100
183 31 0.925800
183 32 0.921300
183 33 0.926000
183 34 0.927200
183 35 0.922100
183 36 0.926700
183 37 0.924300
183 38 0.922800
183 39 0.922500
183 40 0.919900
86 30 0.942300
86 31 0.940400
86 32 0.942200
86 33 0.940000
86 34 0.941200
86 35 0.943500
86 36 0.944100
86 37 0.940600
86 38 0.938900
86 39 0.941300
86 40 0.939800
63 30 0.942500
63 31 0.941200
63 32 0.943800
63 33 0.945500
63 34 0.943600
63 35 0.942400
63 36 0.945200
63 37 0.946200
63 38 0.944500
63 39 0.940400
63 40 0.943400
36 30 0.945500
36 31 0.944900
36 32 0.943400
36 33 0.945500
36 34 0.944400
36 35 0.943600
36 36 0.947000
36 37 0.947400
36 38 0.946000
36 39 0.945700
36 40 0.946300
196 30 0.918000
196 31 0.917200
196 32 0.913400
196 33 0.917600
196 34 0.917800
196 35 0.920200
196 36 0.919300
196 37 0.917600
196 38 0.917900
196 39 0.911200
196 40 0.918200
60 30 0.944600
60 31 0.944100
60 32 0.946300
60 33 0.948100
60 34 0.943800
60 35 0.942600
60 36 0.945300
60 37 0.944700
60 38 0.947100
60 39 0.944000
60 40 0.946900
189 30 0.916100
189 31 0.917100
189 32 0.925600
189 33 0.918700
189 34 0.920500
189 35 0.921500
189 36 0.927100
189 37 0.916800
189 38 0.923400
189 39 0.921400
189 40 0.917400
126 30 0.933100
126 31 0.937000
126 32 0.936100
126 33 0.937000
126 34 0.938200
126 35 0.933900
126 36 0.937500
126 37 0.937600
126 38 0.938300
126 39 0.935300
126 40 0.938600
150 30 0.930200
150 31 0.934600
150 32 0.931100
150 33 0.929400
150 34 0.935000
150 35 0.930800
150 36 0.931500
150 37 0.928400
150 38 0.933300
150 39 0.929300
150 40 0.931500
205 30 0.908800
205 31 0.907900
205 32 0.910600
205 33 0.907800
205 34 0.915700
205 35 0.910800
205 36 0.914600
205 37 0.913800
205 38 0.918900
205 39 0.915200
205 40 0.911600
246 30 0.861600
246 31 0.864900
246 32 0.860500
246 33 0.860400
246 34 0.865500
246 35 0.865600
246 36 0.865000
246 37 0.870600
246 38 0.873900
246 39 0.866800
246 40 0.873700
53 30 0.945500
53 31 0.943700
53 32 0.943500
53 33 0.941000
53 34 0.941400
53 35 0.945700
53 36 0.946400
53 37 0.948600
53 38 0.942400
53 39 0.942600
53 40 0.941000
235 30 0.876900
235 31 0.876800
235 32 0.887200
235 33 0.883500
235 34 0.880300
235 35 0.885400
235 36 0.889800
235 37 0.887900
235 38 0.890500
235 39 0.885700
235 40 0.888200
240 30 0.868600
240 31 0.874800
240 32 0.869000
240 33 0.880900
240 34 0.879000
240 35 0.880100
240 36 0.883700
240 37 0.885900
240 38 0.884300
240 39 0.884100
240 40 0.884900
59 30 0.943300
59 31 0.941100
59 32 0.943000
59 33 0.944100
59 34 0.942000
59 35 0.945700
59 36 0.942700
59 37 0.944800
59 38 0.948500
59 39 0.940000
59 40 0.941900
14 30 0.946200
14 31 0.946400
14 32 0.946700
14 33 0.949400
14 34 0.944700
14 35 0.944700
14 36 0.946300
14 37 0.946700
14 38 0.947900
14 39 0.944800
14 40 0.942100
32 30 0.944000
32 31 0.947000
32 32 0.944200
32 33 0.946600
32 34 0.947400
32 35 0.945900
32 36 0.945200
32 37 0.946200
32 38 0.948600
32 39 0.944600
32 40 0.946300
169 30 0.930300
169 31 0.925200
169 32 0.930100
169 33 0.925400
169 34 0.924500
169 35 0.923800
169 36 0.924900
169 37 0.926300
169 38 0.927000
169 39 0.925800
169 40 0.930300
184 30 0.918400
184 31 0.918800
184 32 0.920300
184 33 0.923000
184 34 0.920700
184 35 0.923500
184 36 0.922200
184 37 0.922300
184 38 0.919700
184 39 0.920900
184 40 0.923600
177 30 0.919900
177 31 0.923600
177 32 0.923600
177 33 0.919400
177 34 0.924600
177 35 0.929300
177 36 0.921700
177 37 0.924500
177 38 0.921900
177 39 0.924900
177 40 0.923300
191 30 0.917200
191 31 0.916700
191 32 0.916400
191 33 0.918900
191 34 0.921800
191 35 0.916900
191 36 0.922100
191 37 0.918800
191 38 0.920200
191 39 0.921700
191 40 0.919100
250 30 0.844600
250 31 0.847900
250 32 0.854900
250 33 0.849300
250 34 0.849300
250 35 0.857000
250 36 0.860500
250 37 0.857400
250 38 0.860000
250 39 0.860000
250 40 0.870600
81 30 0.943200
81 31 0.943100
81 32 0.942600
81 33 0.941900
81 34 0.939400
81 35 0.939800
81 36 0.943900
81 37 0.940700
81 38 0.946300
81 39 0.942600
81 40 0.941300
165 30 0.928600
165 31 0.929400
165 32 0.923600
165 33 0.931200
165 34 0.925900
165 35 0.928700
165 36 0.932200
165 37 0.929400
165 38 0.928700
165 39 0.928300
165 40 0.925600
58 30 0.943900
58 31 0.946000
58 32 0.943500
58 33 0.945300
58 34 0.945000
58 35 0.940700
58 36 0.946100
58 37 0.943500
58 38 0.945200
58 39 0.941600
58 40 0.945000
121 30 0.938300
121 31 0.937200
121 32 0.936100
121 33 0.939600
121 34 0.937000
121 35 0.937900
121 36 0.938200
121 37 0.936700
121 38 0.935200
121 39 0.935900
121 40 0.937700
238 30 0.880200
238 31 0.877000
238 32 0.876200
238 33 0.872300
238 34 0.883900
238 35 0.881800
238 36 0.888000
238 37 0.885800
238 38 0.882700
238 39 0.885000
238 40 0.889100
64 30 0.943000
64 31 0.941200
64 32 0.940800
64 33 0.943200
64 34 0.942300
64 35 0.948700
64 36 0.945400
64 37 0.941000
64 38 0.945300
64 39 0.944000
64 40 0.946300
28 30 0.941900
28 31 0.946900
28 32 0.948400
28 33 0.945200
28 34 0.948400
28 35 0.944800
28 36 0.944100
28 37 0.947900
28 38 0.943800
28 39 0.944800
28 40 0.946500
188 30 0.917500
188 31 0.917500
188 32 0.915800
188 33 0.922500
188 34 0.919100
188 35 0.922400
188 36 0.924400
188 37 0.921100
188 38 0.925100
188 39 0.918500
188 40 0.924100
80 30 0.939600
80 31 0.941700
80 32 0.941400
80 33 0.941100
80 34 0.943800
80 35 0.942900
80 36 0.944200
80 37 0.942800
80 38 0.938900
80 39 0.941400
80 40 0.939400
33 30 0.943500
33 31 0.944300
33 32 0.946700
33 33 0.947600
33 34 0.949100
33 35 0.947700
33 36 0.944300
33 37 0.944600
33 38 0.951000
33 39 0.942700
33 40 0.947200
13 30 0.944800
13 31 0.946600
13 32 0.949000
13 33 0.948600
13 34 0.944000
13 35 0.947000
13 36 0.947300
13 37 0.946400
13 38 0.946100
13 39 0.944900
13 40 0.945300
243 30 0.866600
243 31 0.869500
243 32 0.870600
243 33 0.870100
243 34 0.872400
243 35 0.878700
243 36 0.882900
243 37 0.881500
243 38 0.881900
243 39 0.876600
243 40 0.879700
79 30 0.942900
79 31 0.940400
79 32 0.943400
79 33 0.944400
79 34 0.941300
79 35 0.941300
79 36 0.942500
79 37 0.941600
79 38 0.944100
79 39 0.942000
79 40 0.942500
44 30 0.946500
44 31 0.943100
44 32 0.941800
44 33 0.946200
44 34 0.945200
44 35 0.944900
44 36 0.947500
44 37 0.948700
44 38 0.944800
44 39 0.947200
44 40 0.946200
1 30 0.945600
1 31 0.947200
1 32 0.943700
1 33 0.946700
1 34 0.945800
1 35 0.948200
1 36 0.945400
1 37 0.946800
1 38 0.949200
1 39 0.945900
1 40 0.944700
176 30 0.918800
176 31 0.921400
176 32 0.922800
176 33 0.922300
176 34 0.921100
176 35 0.927600
176 36 0.925500
176 37 0.926400
176 38 0.926400
176 39 0.921300
176 40 0.927800
244 30 0.869300
244 31 0.866500
244 32 0.864900
244 33 0.869000
244 34 0.874200
244 35 0.871200
244 36 0.878000
244 37 0.871600
244 38 0.874000
244 39 0.878600
244 40 0.874900
110 30 0.939900
110 31 0.936800
110 32 0.938800
110 33 0.936900
110 34 0.939700
110 35 0.940600
110 36 0.941100
110 37 0.939700
110 38 0.942500
110 39 0.937600
110 40 0.940200
9 30 0.946100
9 31 0.944600
9 32 0.946800
9 33 0.944400
9 34 0.944900
9 35 0.946500
9 36 0.943700
9 37 0.948300
9 38 0.946200
9 39 0.944300
9 40 0.944700
227 30 0.889100
227 31 0.892300
227 32 0.893200
227 33 0.894400
227 34 0.892500
227 35 0.897100
227 36 0.899900
227 37 0.895400
227 38 0.900200
227 39 0.903900
227 40 0.896000
154 30 0.927100
154 31 0.924300
154 32 0.934900
154 33 0.932900
154 34 0.932600
154 35 0.931100
154 36 0.931700
154 37 0.934400
154 38 0.932000
154 39 0.933400
154 40 0.929900
236 30 0.880700
236 31 0.881400
236 32 0.879700
236 33 0.882700
236 34 0.884300
236 35 0.875900
236 36 0.884100
236 37 0.888500
236 38 0.889600
236 39 0.884300
236 40 0.891600
78 30 0.938300
78 31 0.942600
78 32 0.941400
78 33 0.943000
78 34 0.942300
78 35 0.940400
78 36 0.943000
78 37 0.942500
78 38 0.945000
78 39 0.942500
78 40 0.940600
193 30 0.916800
193 31 0.918200
193 32 0.917000
193 33 0.918200
193 34 0.920900
193 35 0.919900
193 36 0.922600
193 37 0.916000
193 38 0.917200
193 39 0.918000
193 40 0.923400
12 30 0.947000
12 31 0.945900
12 32 0.947300
12 33 0.942700
12 34 0.948900
12 35 0.948000
12 36 0.947700
12 37 0.945200
12 38 0.946700
12 39 0.945100
12 40 0.946900
4 30 0.948800
4 31 0.945300
4 32 0.947700
4 33 0.946500
4 34 0.949000
4 35 0.948900
4 36 0.948300
4 37 0.946600
4 38 0.945400
4 39 0.943000
4 40 0.945000
92 30 0.941900
92 31 0.938200
92 32 0.939300
92 33 0.943200
92 34 0.938900
92 35 0.944000
92 36 0.940800
92 37 0.939800
92 38 0.941800
92 39 0.941200
92 40 0.941300
135 30 0.932500
135 31 0.933900
135 32 0.934000
135 33 0.934800
135 34 0.935800
135 35 0.934200
135 36 0.935300
135 37 0.938800
135 38 0.935600
135 39 0.935000
135 40 0.931100
2 30 0.943000
2 31 0.947300
2 32 0.946900
2 33 0.947500
2 34 0.949400
2 35 0.945600
2 36 0.948200
2 37 0.946200
2 38 0.946900
2 39 0.945500
2 40 0.944800
170 30 0.925200
170 31 0.928700
170 32 0.927000
170 33 0.929600
170 34 0.924600
170 35 0.927300
170 36 0.931000
170 37 0.921200
170 38 0.927800
170 39 0.926200
170 40 0.925000
116 30 0.937500
116 31 0.938800
116 32 0.940700
116 33 0.936800
116 34 0.938400
116 35 0.935700
116 36 0.934400
116 37 0.934400
116 38 0.937100
116 39 0.933900
116 40 0.935500
20 30 0.947000
20 31 0.946400
20 32 0.946500
20 33 0.947600
20 34 0.945800
20 35 0.949100
20 36 0.946900
20 37 0.942200
20 38 0.947400
20 39 0.945600
20 40 0.944500
220 30 0.897800
220 31 0.900600
220 32 0.898600
220 33 0.900400
220 34 0.903800
220 35 0.901700
220 36 0.902500
220 37 0.909200
220 38 0.900700
220 39 0.900600
220 40 0.902300
173 30 0.923900
173 31 0.926300
173 32 0.923900
173 33 0.926600
173 34 0.920200
173 35 0.928200
173 36 0.927200
173 37 0.924600
173 38 0.922500
173 39 0.927700
173 40 0.923900
178 30 0.920500
178 31 0.919000
178 32 0.921800
178 33 0.923300
178 34 0.923600
178 35 0.924600
178 36 0.923100
178 37 0.922100
178 38 0.925500
178 39 0.922000
178 40 0.921400
119 30 0.934500
119 31 0.939300
119 32 0.934100
119 33 0.937600
119 34 0.938400
119 35 0.939800
119 36 0.941400
119 37 0.940900
119 38 0.941900
119 39 0.938100
119 40 0.932300
190 30 0.915700
190 31 0.919400
190 32 0.921000
190 33 0.918100
190 34 0.918800
190 35 0.921000
190 36 0.920700
190 37 0.919900
190 38 0.914400
190 39 0.918500
190 40 0.922200
212 30 0.902600
212 31 0.907100
212 32 0.908700
212 33 0.906600
212 34 0.911200
212 35 0.905600
212 36 0.906600
212 37 0.909300
212 38 0.908600
212 39 0.910800
212 40 0.907800
52 30 0.943800
52 31 0.942600
52 32 0.943300
52 33 0.944500
52 34 0.942000
52 35 0.947000
52 36 0.948100
52 37 0.945100
52 38 0.945800
52 39 0.944900
52 40 0.943900
231 30 0.885800
231 31 0.889000
231 32 0.888700
231 33 0.885600
231 34 0.895000
231 35 0.891700
231 36 0.898700
231 37 0.895400
231 38 0.895200
231 39 0.892700
231 40 0.898600
24 30 0.941800
24 31 0.948700
24 32 0.946400
24 33 0.946200
24 34 0.949000
24 35 0.945900
24 36 0.948200
24 37 0.944200
24 38 0.948200
24 39 0.948500
24 40 0.944400
253 30 0.748000
253 31 0.752500
253 32 0.759600
253 33 0.760100
253 34 0.758300
253 35 0.766800
253 36 0.782800
253 37 0.783700
253 38 0.784900
253 39 0.779500
253 40 0.797100
210 30 0.904300
210 31 0.904800
210 32 0.904100
210 33 0.916200
210 34 0.908200
210 35 0.910100
210 36 0.907800
210 37 0.912900
210 38 0.908800
210 39 0.909900
210 40 0.912600
180 30 0.921000
180 31 0.921800
180 32 0.920500
180 33 0.924200
180 34 0.922200
180 35 0.924100
180 36 0.925100
180 37 0.924600
180 38 0.923900
180 39 0.923200
180 40 0.925300
167 30 0.925100
167 31 0.922700
167 32 0.926100
167 33 0.932200
167 34 0.926700
167 35 0.926500
167 36 0.928600
167 37 0.924700
167 38 0.929900
167 39 0.924900
167 40 0.925500
217 30 0.906000
217 31 0.905800
217 32 0.908000
217 33 0.901800
217 34 0.907800
217 35 0.906600
217 36 0.908000
217 37 0.904900
217 38 0.907000
217 39 0.904700
217 40 0.907000
171 30 0.922000
171 31 0.925100
171 32 0.923300
171 33 0.927100
171 34 0.925600
171 35 0.923800
171 36 0.930400
171 37 0.924100
171 38 0.921500
171 39 0.924000
171 40 0.922500
65 30 0.943400
65 31 0.942300
65 32 0.943800
65 33 0.944300
65 34 0.942600
65 35 0.941100
65 36 0.945700
65 37 0.943700
65 38 0.942700
65 39 0.941100
65 40 0.941300
201 30 0.912200
201 31 0.913700
201 32 0.912600
201 33 0.914600
201 34 0.914300
201 35 0.918700
201 36 0.915200
201 37 0.915200
201 38 0.914100
201 39 0.913300
201 40 0.919000
192 30 0.920100
192 31 0.916900
192 32 0.916200
192 33 0.912100
192 34 0.919700
192 35 0.921100
192 36 0.919400
192 37 0.923500
192 38 0.918300
192 39 0.917400
192 40 0.917000
51 30 0.941600
51 31 0.943700
51 32 0.943600
51 33 0.946500
51 34 0.943900
51 35 0.945900
51 36 0.944900
51 37 0.947600
51 38 0.947100
51 39 0.944100
51 40 0.945400
94 30 0.942000
94 31 0.937900
94 32 0.943400
94 33 0.939200
94 34 0.940800
94 35 0.935200
94 36 0.942100
94 37 0.939100
94 38 0.942100
94 39 0.938700
94 40 0.937900
195 30 0.910800
195 31 0.916400
195 32 0.917200
195 33 0.917600
195 34 0.913600
195 35 0.915100
195 36 0.918000
195 37 0.923400
195 38 0.914600
195 39 0.919100
195 40 0.915300
233 30 0.885800
233 31 0.886900
233 32 0.887400
233 33 0.884400
233 34 0.887000
233 35 0.889300
233 36 0.896700
233 37 0.891800
233 38 0.885000
233 39 0.897700
233 40 0.894700
22 30 0.947300
22 31 0.945500
22 32 0.945400
22 33 0.943600
22 34 0.945700
22 35 0.944300
22 36 0.946800
22 37 0.947700
22 38 0.947900
22 39 0.949000
22 40 0.945600
114 30 0.935700
114 31 0.937800
114 32 0.937600
114 33 0.939600
114 34 0.939000
114 35 0.939600
114 36 0.937300
114 37 0.939100
114 38 0.935900
114 39 0.935400
114 40 0.933900
158 30 0.929800
158 31 0.929000
158 32 0.932400
158 33 0.933100
158 34 0.930600
158 35 0.937800
158 36 0.933100
158 37 0.932500
158 38 0.932400
158 39 0.928500
158 40 0.928800
48 30 0.943900
48 31 0.944300
48 32 0.947000
48 33 0.943800
48 34 0.945200
48 35 0.947300
48 36 0.946300
48 37 0.948500
48 38 0.947300
48 39 0.944400
48 40 0.943500
133 30 0.938500
133 31 0.934200
133 32 0.935600
133 33 0.938000
133 34 0.939400
133 35 0.935200
133 36 0.937600
133 37 0.937500
133 38 0.937600
133 39 0.936700
133 40 0.934400
62 30 0.941400
62 31 0.944900
62 32 0.944100
62 33 0.946500
62 34 0.946400
62 35 0.941000
62 36 0.945700
62 37 0.943800
62 38 0.943900
62 39 0.946300
62 40 0.941100
241 30 0.873200
241 31 0.874500
241 32 0.872100
241 33 0.881800
241 34 0.878600
241 35 0.877100
241 36 0.881800
241 37 0.883300
241 38 0.880300
241 39 0.883300
241 40 0.880600
87 30 0.941300
87 31 0.943100
87 32 0.939600
87 33 0.940800
87 34 0.939700
87 35 0.943900
87 36 0.942200
87 37 0.938700
87 38 0.943900
87 39 0.943500
87 40 0.943100
103 30 0.938900
103 31 0.940200
103 32 0.936100
103 33 0.944900
103 34 0.940500
103 35 0.941700
103 36 0.943700
103 37 0.938800
103 38 0.943000
103 39 0.938700
103 40 0.940700
107 30 0.939600
107 31 0.938000
107 32 0.937500
107 33 0.942200
107 34 0.938300
107 35 0.939500
107 36 0.939200
107 37 0.937500
107 38 0.937600
107 39 0.939000
107 40 0.942300
129 30 0.932600
129 31 0.931500
129 32 0.935300
129 33 0.941700
129 34 0.939500
129 35 0.935800
129 36 0.934700
129 37 0.933500
129 38 0.934200
129 39 0.935900
129 40 0.933200
82 30 0.940500
82 31 0.944100
82 32 0.942000
82 33 0.942200
82 34 0.943700
82 35 0.947100
82 36 0.944800
82 37 0.938700
82 38 0.941000
82 39 0.943900
82 40 0.943400
234 30 0.882000
234 31 0.885500
234 32 0.888000
234 33 0.884200
234 34 0.887000
234 35 0.888000
234 36 0.891700
234 37 0.884500
234 38 0.891800
234 39 0.890400
234 40 0.886800
162 30 0.922700
162 31 0.925900
162 32 0.932600
162 33 0.926300
162 34 0.930300
162 35 0.932900
162 36 0.929400
162 37 0.929900
162 38 0.930200
162 39 0.927000
162 40 0.927200
143 30 0.931700
143 31 0.934000
143 32 0.932700
143 33 0.936100
143 34 0.933200
143 35 0.934800
143 36 0.936300
143 37 0.936200
143 38 0.934200
143 39 0.931300
143 40 0.933900
15 30 0.946400
15 31 0.947600
15 32 0.944700
15 33 0.945500
15 34 0.949200
15 35 0.945800
15 36 0.947400
15 37 0.947600
15 38 0.944300
15 39 0.948200
15 40 0.941600
160 30 0.927100
160 31 0.928800
160 32 0.929300
160 33 0.930600
160 34 0.927500
160 35 0.929300
160 36 0.931400
160 37 0.930600
160 38 0.929400
160 39 0.931800
160 40 0.932200
99 30 0.936100
99 31 0.938300
99 32 0.940400
99 33 0.940800
99 34 0.937300
99 35 0.939700
99 36 0.941700
99 37 0.938000
99 38 0.938900
99 39 0.942200
99 40 0.940400
186 30 0.920500
186 31 0.922500
186 32 0.921100
186 33 0.920900
186 34 0.921400
186 35 0.921100
186 36 0.922100
186 37 0.922000
186 38 0.923200
186 39 0.919400
186 40 0.919200
76 30 0.941300
76 31 0.944100
76 32 0.943400
76 33 0.944600
76 34 0.946500
76 35 0.941700
76 36 0.944200
76 37 0.946300
76 38 0.948000
76 39 0.942100
76 40 0.944800
215 30 0.901900
215 31 0.907600
215 32 0.899300
215 33 0.905600
215 34 0.904700
215 35 0.904700
215 36 0.905900
215 37 0.905200
215 38 0.911300
215 39 0.906800
215 40 0.908900
251 30 0.840900
251 31 0.848900
251 32 0.844100
251 33 0.848500
251 34 0.844900
251 35 0.846700
251 36 0.855600
251 37 0.853300
251 38 0.858600
251 39 0.859400
251 40 0.861800
43 30 0.941500
43 31 0.946900
43 32 0.945000
43 33 0.944200
43 34 0.943000
43 35 0.945500
43 36 0.947800
43 37 0.944800
43 38 0.946100
43 39 0.944300
43 40 0.945800
96 30 0.940200
96 31 0.937600
96 32 0.937600
96 33 0.941200
96 34 0.938900
96 35 0.940900
96 36 0.941600
96 37 0.945100
96 38 0.939400
96 39 0.938900
96 40 0.940300
164 30 0.930500
164 31 0.927400
164 32 0.925000
164 33 0.926300
164 34 0.927800
164 35 0.924800
164 36 0.932600
164 37 0.925800
164 38 0.932700
164 39 0.930800
164 40 0.926600
93 30 0.939700
93 31 0.942400
93 32 0.940100
93 33 0.939000
93 34 0.942400
93 35 0.940100
93 36 0.941000
93 37 0.939100
93 38 0.944300
93 39 0.942500
93 40 0.943300
17 30 0.945500
17 31 0.943900
17 32 0.944600
17 33 0.945200
17 34 0.947700
17 35 0.945500
17 36 0.947100
17 37 0.946300
17 38 0.946900
17 39 0.945500
17 40 0.946500
41 30 0.945200
41 31 0.944000
41 32 0.948200
41 33 0.945700
41 34 0.945400
41 35 0.948500
41 36 0.945200
41 37 0.943200
41 38 0.946200
41 39 0.944000
41 40 0.943400
214 30 0.903700
214 31 0.905400
214 32 0.901300
214 33 0.908300
214 34 0.907200
214 35 0.908900
214 36 0.911600
214 37 0.909200
214 38 0.907200
214 39 0.909100
214 40 0.908700
216 30 0.895700
216 31 0.902200
216 32 0.901600
216 33 0.906900
216 34 0.907900
216 35 0.904900
216 36 0.904000
216 37 0.907700
216 38 0.911000
216 39 0.906300
216 40 0.905400
31 30 0.944300
31 31 0.944000
31 32 0.943800
31 33 0.943300
31 34 0.945800
31 35 0.943100
31 36 0.947400
31 37 0.946600
31 38 0.942800
31 39 0.942800
31 40 0.940700
254 30 0.397500
254 31 0.394800
254 32 0.401400
254 33 0.412400
254 34 0.403100
254 35 0.415500
254 36 0.442600
254 37 0.436000
254 38 0.435600
254 39 0.436300
254 40 0.488200
242 30 0.871300
242 31 0.863000
242 32 0.867800
242 33 0.872400
242 34 0.871900
242 35 0.873800
242 36 0.878700
242 37 0.872400
242 38 0.882000
242 39 0.876200
242 40 0.878300
248 30 0.853800
248 31 0.861200
248 32 0.847200
248 33 0.856400
248 34 0.854500
248 35 0.863100
248 36 0.867700
248 37 0.866200
248 38 0.861700
248 39 0.864500
248 40 0.866200
156 30 0.929200
156 31 0.931100
156 32 0.931000
156 33 0.929300
156 34 0.928400
156 35 0.933200
156 36 0.930600
156 37 0.933300
156 38 0.931600
156 39 0.932300
156 40 0.928800
55 30 0.945700
55 31 0.942800
55 32 0.943500
55 33 0.943300
55 34 0.944800
55 35 0.945400
55 36 0.949100
55 37 0.944200
55 38 0.943000
55 39 0.946700
55 40 0.943600
139 30 0.936500
139 31 0.934400
139 32 0.935600
139 33 0.932400
139 34 0.933500
139 35 0.939400
139 36 0.936400
139 37 0.933900
139 38 0.933700
139 39 0.932000
139 40 0.934100
232 30 0.886400
232 31 0.889300
232 32 0.889300
232 33 0.892600
232 34 0.890600
232 35 0.890200
232 36 0.894300
232 37 0.899500
232 38 0.895700
232 39 0.890500
232 40 0.894000
185 30 0.920200
185 31 0.922200
185 32 0.921200
185 33 0.923700
185 34 0.920900
185 35 0.925700
185 36 0.922300
185 37 0.925900
185 38 0.920600
185 39 0.917900
185 40 0.922700
105 30 0.937200
105 31 0.940700
105 32 0.938700
105 33 0.940700
105 34 0.944200
105 35 0.940700
105 36 0.940900
105 37 0.939500
105 38 0.939400
105 39 0.939200
105 40 0.934800
42 30 0.945000
42 31 0.943000
42 32 0.946100
42 33 0.945500
42 34 0.946400
42 35 0.946500
42 36 0.947500
42 37 0.943700
42 38 0.946100
42 39 0.940900
42 40 0.944800
174 30 0.925300
174 31 0.926900
174 32 0.922900
174 33 0.928500
174 34 0.923300
174 35 0.924800
174 36 0.924600
174 37 0.923700
174 38 0.929300
174 39 0.923600
174 40 0.922000
112 30 0.936100
112 31 0.941600
112 32 0.939100
112 33 0.939500
112 34 0.938400
112 35 0.939000
112 36 0.938100
112 37 0.941600
112 38 0.940500
112 39 0.938900
112 40 0.938200
29 30 0.945800
29 31 0.944300
29 32 0.948300
29 33 0.946900
29 34 0.943000
29 35 0.946300
29 36 0.945500
29 37 0.947100
29 38 0.946900
29 39 0.945700
29 40 0.944500
181 30 0.921900
181 31 0.921100
181 32 0.925400
181 33 0.924300
181 34 0.917600
181 35 0.928100
181 36 0.923000
181 37 0.924100
181 38 0.918600
181 39 0.922300
181 40 0.920200
37 30 0.946400
37 31 0.944900
37 32 0.945100
37 33 0.944300
37 34 0.943900
37 35 0.946100
37 36 0.947300
37 37 0.943900
37 38 0.942200
37 39 0.943100
37 40 0.945100
118 30 0.938800
118 31 0.937300
118 32 0.939000
118 33 0.938600
118 34 0.941300
118 35 0.934600
118 36 0.937800
118 37 0.938800
118 38 0.935200
118 39 0.933100
118 40 0.934100
239 30 0.871200
239 31 0.871600
239 32 0.876700
239 33 0.878300
239 34 0.877100
239 35 0.876500
239 36 0.888000
239 37 0.883600
239 38 0.885800
239 39 0.882900
239 40 0.882200
132 30 0.935400
132 31 0.934200
132 32 0.936500
132 33 0.938500
132 34 0.934800
132 35 0.936500
132 36 0.937500
132 37 0.936300
132 38 0.933600
132 39 0.933300
132 40 0.932300
161 30 0.928900
161 31 0.924600
161 32 0.929600
161 33 0.931800
161 34 0.930400
161 35 0.929000
161 36 0.933100
161 37 0.933200
161 38 0.928000
161 39 0.927800
161 40 0.930500
228 30 0.893000
228 31 0.894100
228 32 0.895900
228 33 0.893400
228 34 0.893200
228 35 0.897800
228 36 0.897400
228 37 0.898200
228 38 0.900700
228 39 0.897500
228 40 0.900700
209 30 0.907900
209 31 0.903900
209 32 0.913400
209 33 0.905400
209 34 0.907100
209 35 0.907600
209 36 0.910700
209 37 0.913000
209 38 0.910900
209 39 0.914200
209 40 0.912700
247 30 0.857200
247 31 0.855200
247 32 0.865900
247 33 0.859300
247 34 0.861600
247 35 0.866300
247 36 0.866200
247 37 0.866200
247 38 0.868800
247 39 0.867700
247 40 0.867300
39 30 0.945600
39 31 0.945600
39 32 0.945700
39 33 0.945700
39 34 0.948300
39 35 0.947400
39 36 0.949000
39 37 0.946200
39 38 0.945100
39 39 0.945400
39 40 0.941200
229 30 0.891200
229 31 0.888600
229 32 0.891000
229 33 0.896200
229 34 0.891000
229 35 0.894400
229 36 0.898000
229 37 0.888300
229 38 0.896700
229 39 0.896900
229 40 0.895400
230 30 0.888200
230 31 0.886100
230 32 0.896400
230 33 0.891800
230 34 0.894200
230 35 0.891300
230 36 0.902000
230 37 0.897600
230 38 0.896300
230 39 0.897600
230 40 0.897500
142 30 0.935700
142 31 0.929600
142 32 0.934100
142 33 0.933400
142 34 0.937300
142 35 0.931600
142 36 0.934800
142 37 0.936100
142 38 0.931900
142 39 0.934000
142 40 0.935500
138 30 0.931500
138 31 0.933600
138 32 0.933100
138 33 0.936700
138 34 0.934300
138 35 0.931400
138 36 0.934400
138 37 0.936000
138 38 0.935000
138 39 0.932700
138 40 0.935800
45 30 0.943500
45 31 0.946400
45 32 0.941700
45 33 0.944500
45 34 0.943000
45 35 0.946400
45 36 0.946900
45 37 0.949400
45 38 0.944700
45 39 0.942200
45 40 0.944100
19 30 0.946800
19 31 0.949900
19 32 0.945800
19 33 0.946900
19 34 0.946600
19 35 0.947100
19 36 0.947300
19 37 0.947400
19 38 0.943000
19 39 0.945800
19 40 0.943100
218 30 0.905100
218 31 0.896800
218 32 0.897100
218 33 0.903900
218 34 0.907100
218 35 0.904000
218 36 0.905800
218 37 0.909200
218 38 0.903800
218 39 0.903900
218 40 0.908900
84 30 0.944300
84 31 0.942900
84 32 0.941700
84 33 0.942600
84 34 0.942800
84 35 0.941500
84 36 0.942300
84 37 0.940700
84 38 0.943100
84 39 0.939400
84 40 0.941400
219 30 0.899400
219 31 0.896700
219 32 0.899000
219 33 0.900400
219 34 0.902400
219 35 0.903100
219 36 0.903400
219 37 0.904400
219 38 0.905100
219 39 0.904700
219 40 0.908700
117 30 0.935300
117 31 0.938700
117 32 0.937500
117 33 0.938600
117 34 0.944300
117 35 0.938400
117 36 0.932800
117 37 0.933600
117 38 0.941000
117 39 0.939000
117 40 0.938900
10 30 0.942900
10 31 0.947300
10 32 0.945000
10 33 0.943300
10 34 0.946000
10 35 0.948500
10 36 0.949400
10 37 0.947400
10 38 0.948600
10 39 0.944200
10 40 0.944200
69 30 0.938700
69 31 0.939900
69 32 0.946000
69 33 0.942000
69 34 0.945200
69 35 0.949800
69 36 0.946900
69 37 0.946000
69 38 0.944900
69 39 0.942400
69 40 0.943900
197 30 0.915800
197 31 0.912100
197 32 0.916500
197 33 0.917600
197 34 0.919300
197 35 0.915800
197 36 0.915500
197 37 0.914200
197 38 0.914000
197 39 0.916900
197 40 0.920300
128 30 0.936500
128 31 0.931900
128 32 0.934900
128 33 0.937200
128 34 0.939900
128 35 0.939700
128 36 0.936800
128 37 0.932900
128 38 0.932200
128 39 0.935100
128 40 0.939800
245 30 0.862500
245 31 0.863900
245 32 0.859300
245 33 0.866400
245 34 0.867400
245 35 0.868200
245 36 0.880300
245 37 0.868300
245 38 0.874600
245 39 0.869800
245 40 0.871300
18 30 0.943700
18 31 0.946200
18 32 0.947400
18 33 0.945500
18 34 0.945200
18 35 0.946900
18 36 0.946900
18 37 0.945400
18 38 0.946100
18 39 0.947900
18 40 0.945100
83 30 0.941700
83 31 0.940000
83 32 0.942100
83 33 0.943600
83 34 0.944300
83 35 0.942700
83 36 0.941100
83 37 0.945600
83 38 0.941500
83 39 0.943200
83 40 0.943400
137 30 0.936400
137 31 0.935900
137 32 0.934600
137 33 0.932300
137 34 0.932500
137 35 0.934100
137 36 0.936900
137 37 0.937200
137 38 0.936400
137 39 0.934300
137 40 0.934200
46 30 0.945500
46 31 0.944900
46 32 0.945800
46 33 0.943900
46 34 0.943700
46 35 0.947800
46 36 0.943600
46 37 0.947700
46 38 0.947000
46 39 0.943400
46 40 0.943800
73 30 0.943800
73 31 0.943300
73 32 0.941200
73 33 0.943900
73 34 0.945300
73 35 0.942800
73 36 0.941700
73 37 0.943900
73 38 0.942100
73 39 0.943100
73 40 0.943900
88 30 0.942200
88 31 0.942800
88 32 0.940600
88 33 0.940900
88 34 0.943200
88 35 0.941000
88 36 0.942000
88 37 0.939600
88 38 0.939700
88 39 0.938400
88 40 0.942300
120 30 0.937300
120 31 0.934000
120 32 0.937700
120 33 0.932900
120 34 0.933000
120 35 0.939100
120 36 0.939500
120 37 0.939700
120 38 0.940500
120 39 0.937900
120 40 0.939300
7 30 0.949200
7 31 0.947700
7 32 0.949800
7 33 0.949700
7 34 0.950600
7 35 0.948600
7 36 0.949700
7 37 0.946600
7 38 0.949300
7 39 0.947100
7 40 0.944300
157 30 0.929300
157 31 0.928900
157 32 0.927900
157 33 0.931700
157 34 0.929800
157 35 0.925600
157 36 0.930900
157 37 0.928400
157 38 0.929000
157 39 0.934000
157 40 0.930200
68 30 0.941300
68 31 0.942600
68 32 0.944600
68 33 0.945400
68 34 0.945800
68 35 0.946200
68 36 0.944000
68 37 0.945500
68 38 0.942700
68 39 0.939700
68 40 0.943600
123 30 0.934100
123 31 0.941600
123 32 0.937200
123 33 0.932800
123 34 0.938200
123 35 0.936700
123 36 0.938200
123 37 0.939500
123 38 0.936100
123 39 0.935300
123 40 0.933100
40 30 0.944800
40 31 0.943200
40 32 0.945900
40 33 0.944300
40 34 0.946900
40 35 0.945200
40 36 0.947600
40 37 0.943200
40 38 0.944300
40 39 0.949700
40 40 0.944700
89 30 0.939100
89 31 0.942600
89 32 0.943200
89 33 0.943600
89 34 0.939200
89 35 0.942700
89 36 0.942500
89 37 0.937800
89 38 0.940400
89 39 0.940100
89 40 0.940100
115 30 0.938700
115 31 0.933500
115 32 0.937200
115 33 0.937300
115 34 0.934700
115 35 0.939200
115 36 0.935600
115 37 0.935300
115 38 0.938500
115 39 0.938700
115 40 0.935200
95 30 0.941800
95 31 0.941100
95 32 0.939600
95 33 0.942300
95 34 0.942300
95 35 0.937900
95 36 0.938400
95 37 0.940600
95 38 0.944300
95 39 0.941500
95 40 0.938300
61 30 0.945200
61 31 0.944400
61 32 0.944900
61 33 0.946100
61 34 0.947400
61 35 0.942900
61 36 0.942700
61 37 0.946200
61 38 0.945100
61 39 0.943200
61 40 0.944100
198 30 0.909100
198 31 0.910200
198 32 0.915300
198 33 0.916100
198 34 0.916100
198 35 0.920100
198 36 0.916300
198 37 0.917200
198 38 0.922300
198 39 0.917100
198 40 0.917500
175 30 0.924600
175 31 0.919600
175 32 0.923200
175 33 0.927000
175 34 0.926200
175 35 0.925000
175 36 0.923900
175 37 0.923500
175 38 0.921200
175 39 0.922100
175 40 0.928500
35 30 0.941300
35 31 0.944400
35 32 0.946900
35 33 0.945800
35 34 0.946100
35 35 0.943500
35 36 0.950100
35 37 0.943800
35 38 0.942400
35 39 0.945500
35 40 0.943400
54 30 0.944400
54 31 0.945000
54 32 0.943500
54 33 0.946500
54 34 0.947400
54 35 0.945800
54 36 0.945200
54 37 0.944900
54 38 0.942200
54 39 0.940300
54 40 0.944300
166 30 0.922100
166 31 0.927000
166 32 0.927900
166 33 0.925000
166 34 0.928500
166 35 0.930900
166 36 0.924500
166 37 0.929400
166 38 0.927700
166 39 0.925900
166 40 0.928800
77 30 0.945400
77 31 0.940500
77 32 0.944200
77 33 0.944400
77 34 0.939800
77 35 0.943000
77 36 0.942700
77 37 0.943900
77 38 0.943500
77 39 0.942900
77 40 0.938900
140 30 0.936100
140 31 0.933100
140 32 0.939700
140 33 0.935500
140 34 0.935000
140 35 0.936100
140 36 0.934800
140 37 0.935600
140 38 0.932200
140 39 0.933800
140 40 0.935500
187 30 0.916600
187 31 0.920500
187 32 0.921000
187 33 0.919900
187 34 0.923900
187 35 0.921300
187 36 0.922700
187 37 0.922300
187 38 0.923500
187 39 0.921400
187 40 0.918000
23 30 0.945400
23 31 0.946700
23 32 0.946200
23 33 0.947500
23 34 0.948000
23 35 0.944900
23 36 0.945900
23 37 0.946800
23 38 0.946900
23 39 0.943300
23 40 0.941400
109 30 0.940000
109 31 0.937600
109 32 0.939600
109 33 0.937000
109 34 0.938500
109 35 0.940600
109 36 0.941500
109 37 0.945300
109 38 0.940000
109 39 0.935000
109 40 0.938900
134 30 0.930600
134 31 0.936600
134 32 0.934600
134 33 0.937700
134 34 0.934500
134 35 0.933300
134 36 0.938000
134 37 0.936800
134 38 0.939000
134 39 0.934300
134 40 0.933200
100 30 0.937800
100 31 0.937800
100 32 0.936300
100 33 0.940600
100 34 0.939800
100 35 0.941000
100 36 0.942500
100 37 0.940800
100 38 0.937700
100 39 0.939200
100 40 0.937700
211 30 0.907300
211 31 0.907700
211 32 0.908700
211 33 0.906800
211 34 0.907200
211 35 0.910600
211 36 0.908400
211 37 0.902300
211 38 0.915000
211 39 0.910300
211 40 0.909400
67 30 0.941500
67 31 0.941400
67 32 0.941600
67 33 0.940800
67 34 0.943800
67 35 0.944500
67 36 0.946600
67 37 0.940600
67 38 0.944000
67 39 0.943000
67 40 0.946000
97 30 0.940600
97 31 0.939300
97 32 0.936500
97 33 0.940600
97 34 0.938600
97 35 0.940500
97 36 0.939500
97 37 0.940300
97 38 0.940600
97 39 0.943200
97 40 0.938600
152 30 0.934900
152 31 0.926700
152 32 0.934000
152 33 0.932600
152 34 0.930300
152 35 0.932400
152 36 0.935300
152 37 0.934300
152 38 0.930000
152 39 0.930900
152 40 0.926800
5 30 0.945300
5 31 0.946000
5 32 0.943900
5 33 0.945500
5 34 0.945800
5 35 0.947700
5 36 0.947000
5 37 0.942500
5 38 0.944300
5 39 0.946600
5 40 0.948200
49 30 0.943700
49 31 0.944800
49 32 0.946400
49 33 0.946400
49 34 0.945900
49 35 0.943700
49 36 0.946600
49 37 0.946500
49 38 0.941700
49 39 0.947100
49 40 0.944100
72 30 0.944700
72 31 0.939100
72 32 0.941500
72 33 0.943900
72 34 0.944600
72 35 0.944900
72 36 0.945600
72 37 0.942500
72 38 0.942700
72 39 0.941300
72 40 0.940200
122 30 0.938300
122 31 0.935900
122 32 0.937500
122 33 0.936500
122 34 0.937500
122 35 0.939300
122 36 0.942600
122 37 0.939100
122 38 0.936300
122 39 0.936600
122 40 0.934300
203 30 0.914400
203 31 0.912800
203 32 0.914600
203 33 0.914700
203 34 0.912400
203 35 0.907300
203 36 0.918200
203 37 0.913600
203 38 0.915400
203 39 0.914000
203 40 0.917600
85 30 0.941500
85 31 0.940200
85 32 0.941400
85 33 0.939600
85 34 0.941800
85 35 0.945300
85 36 0.944700
85 37 0.939700
85 38 0.939300
85 39 0.943000
85 40 0.939200
151 30 0.929300
151 31 0.932000
151 32 0.932500
151 33 0.930600
151 34 0.930400
151 35 0.928600
151 36 0.932400
151 37 0.933900
151 38 0.934000
151 39 0.931700
151 40 0.934300
25 30 0.947600
25 31 0.942200
25 32 0.945300
25 33 0.944500
25 34 0.944900
25 35 0.945100
25 36 0.944500
25 37 0.947500
25 38 0.945300
25 39 0.947800
25 40 0.942100
11 30 0.944300
11 31 0.948600
11 32 0.943800
11 33 0.947600
11 34 0.947400
11 35 0.946700
11 36 0.949200
11 37 0.944100
11 38 0.945300
11 39 0.946900
11 40 0.942800
66 30 0.944600
66 31 0.941200
66 32 0.943500
66 33 0.940400
66 34 0.945300
66 35 0.942600
66 36 0.941100
66 37 0.943200
66 38 0.941400
66 39 0.942800
66 40 0.946100
153 30 0.928500
153 31 0.929800
153 32 0.930900
153 33 0.930300
153 34 0.928300
153 35 0.931100
153 36 0.936000
153 37 0.929800
153 38 0.929900
153 39 0.933800
153 40 0.928000
221 30 0.894900
221 31 0.896200
221 32 0.897600
221 33 0.901900
221 34 0.897000
221 35 0.901500
221 36 0.901900
221 37 0.906700
221 38 0.900500
221 39 0.901100
221 40 0.905300
