Threshold Acuracy Bleaching
208 0.876200 0
208 0.901800 1
208 0.900500 2
56 0.933400 0
56 0.937200 1
56 0.935700 2
47 0.932100 0
47 0.936600 1
47 0.940600 2
71 0.929800 0
71 0.936400 1
71 0.935100 2
147 0.916400 0
147 0.925000 1
147 0.925700 2
50 0.932500 0
50 0.939300 1
50 0.941000 2
74 0.934000 0
74 0.937400 1
74 0.937900 2
207 0.865800 0
207 0.906800 1
207 0.906400 2
136 0.915000 0
136 0.927100 1
136 0.930700 2
222 0.849000 0
222 0.900500 1
222 0.897300 2
111 0.925900 0
111 0.929600 1
111 0.935700 2
106 0.924500 0
106 0.928900 1
106 0.931100 2
34 0.932300 0
34 0.939200 1
34 0.937400 2
125 0.922700 0
125 0.931000 1
125 0.932800 2
225 0.846600 0
225 0.894700 1
225 0.892900 2
91 0.928400 0
91 0.937500 1
91 0.934100 2
252 0.766100 0
252 0.858000 1
252 0.845700 2
98 0.927100 0
98 0.937400 1
98 0.931200 2
224 0.849300 0
224 0.892800 1
224 0.894300 2
57 0.933400 0
57 0.941600 1
57 0.936200 2
27 0.932600 0
27 0.942100 1
27 0.940000 2
172 0.899700 0
172 0.919800 1
172 0.916900 2
8 0.937900 0
8 0.940000 1
8 0.937900 2
16 0.933900 0
16 0.942900 1
16 0.937600 2
124 0.923200 0
124 0.932900 1
124 0.930600 2
213 0.873200 0
213 0.898800 1
213 0.903200 2
130 0.919600 0
130 0.931800 1
130 0.927200 2
113 0.925400 0
113 0.930400 1
113 0.930500 2
26 0.935000 0
26 0.941200 1
26 0.940300 2
194 0.884400 0
194 0.910500 1
194 0.911500 2
144 0.918400 0
144 0.928300 1
144 0.925800 2
108 0.925300 0
108 0.933500 1
108 0.932200 2
127 0.917500 0
127 0.930200 1
127 0.934000 2
6 0.939500 0
6 0.941100 1
6 0.938800 2
200 0.884400 0
200 0.909200 1
200 0.909300 2
182 0.899300 0
182 0.912400 1
182 0.915400 2
148 0.916900 0
148 0.928400 1
148 0.928800 2
249 0.805300 0
249 0.857100 1
249 0.861300 2
102 0.923800 0
102 0.933900 1
102 0.935000 2
141 0.919400 0
141 0.926600 1
141 0.924400 2
179 0.896900 0
179 0.920500 1
179 0.918500 2
146 0.921100 0
146 0.930400 1
146 0.927900 2
226 0.855900 0
226 0.890600 1
226 0.887000 2
3 0.936500 0
3 0.943000 1
3 0.941100 2
204 0.875700 0
204 0.907000 1
204 0.905500 2
155 0.907500 0
155 0.926300 1
155 0.927400 2
101 0.926900 0
101 0.933600 1
101 0.932800 2
223 0.860400 0
223 0.898000 1
223 0.893000 2
70 0.932500 0
70 0.937000 1
70 0.936900 2
206 0.857800 0
206 0.904700 1
206 0.900500 2
21 0.934700 0
21 0.940500 1
21 0.938900 2
237 0.831800 0
237 0.882800 1
237 0.876600 2
90 0.924600 0
90 0.933900 1
90 0.931000 2
38 0.930000 0
38 0.940900 1
38 0.937500 2
149 0.905000 0
149 0.928400 1
149 0.926300 2
202 0.889400 0
202 0.909300 1
202 0.905900 2
163 0.911900 0
163 0.924800 1
163 0.920700 2
159 0.911700 0
159 0.925900 1
159 0.923500 2
75 0.934700 0
75 0.937400 1
75 0.939800 2
30 0.938600 0
30 0.941000 1
30 0.937900 2
104 0.933700 0
104 0.934100 1
104 0.932500 2
168 0.909800 0
168 0.928300 1
168 0.922600 2
199 0.887700 0
199 0.911200 1
199 0.910600 2
131 0.920700 0
131 0.929000 1
131 0.932000 2
145 0.920200 0
145 0.925400 1
145 0.925600 2
183 0.900600 0
183 0.918600 1
183 0.921300 2
86 0.931400 0
86 0.936000 1
86 0.931600 2
63 0.934600 0
63 0.938100 1
63 0.937100 2
36 0.931800 0
36 0.940900 1
36 0.937300 2
196 0.881700 0
196 0.908700 1
196 0.910700 2
60 0.929700 0
60 0.937500 1
60 0.933700 2
189 0.890700 0
189 0.920700 1
189 0.911800 2
126 0.918900 0
126 0.928100 1
126 0.927500 2
150 0.920300 0
150 0.924200 1
150 0.926400 2
205 0.877500 0
205 0.909000 1
205 0.908200 2
246 0.799600 0
246 0.865800 1
246 0.867600 2
53 0.926600 0
53 0.940500 1
53 0.935600 2
235 0.829500 0
235 0.887800 1
235 0.879100 2
240 0.818900 0
240 0.880900 1
240 0.873700 2
59 0.934200 0
59 0.941600 1
59 0.938900 2
14 0.935400 0
14 0.940500 1
14 0.939000 2
32 0.934600 0
32 0.937700 1
32 0.939800 2
169 0.904000 0
169 0.924900 1
169 0.921900 2
184 0.892600 0
184 0.913500 1
184 0.913300 2
177 0.902300 0
177 0.914400 1
177 0.918000 2
191 0.897500 0
191 0.916300 1
191 0.910900 2
250 0.792600 0
250 0.858200 1
250 0.859500 2
81 0.922800 0
81 0.936300 1
81 0.936300 2
165 0.891300 0
165 0.919000 1
165 0.921300 2
58 0.930900 0
58 0.936000 1
58 0.934400 2
121 0.923700 0
121 0.926400 1
121 0.934100 2
238 0.823200 0
238 0.882900 1
238 0.882700 2
64 0.933100 0
64 0.941000 1
64 0.937400 2
28 0.934500 0
28 0.938500 1
28 0.939700 2
188 0.896700 0
188 0.916200 1
188 0.910000 2
80 0.931500 0
80 0.937400 1
80 0.932500 2
33 0.933100 0
33 0.938000 1
33 0.941600 2
13 0.934800 0
13 0.937800 1
13 0.937200 2
243 0.798600 0
243 0.873700 1
243 0.869300 2
79 0.930000 0
79 0.933900 1
79 0.939700 2
44 0.933600 0
44 0.939900 1
44 0.939800 2
1 0.935200 0
1 0.941500 1
1 0.942600 2
176 0.901000 0
176 0.917100 1
176 0.915600 2
244 0.824500 0
244 0.874000 1
244 0.870600 2
110 0.924700 0
110 0.931300 1
110 0.927300 2
9 0.935000 0
9 0.940000 1
9 0.941500 2
227 0.849900 0
227 0.888000 1
227 0.883000 2
154 0.906400 0
154 0.922600 1
154 0.921500 2
236 0.822200 0
236 0.882300 1
236 0.882800 2
78 0.933400 0
78 0.936200 1
78 0.935200 2
193 0.881200 0
193 0.914500 1
193 0.915600 2
12 0.932900 0
12 0.939000 1
12 0.940400 2
4 0.937200 0
4 0.941000 1
4 0.938000 2
92 0.922300 0
92 0.929500 1
92 0.932800 2
135 0.920700 0
135 0.927100 1
135 0.929200 2
2 0.933000 0
2 0.937700 1
2 0.937100 2
170 0.899400 0
170 0.914800 1
170 0.916300 2
116 0.923000 0
116 0.933200 1
116 0.933800 2
20 0.935000 0
20 0.940600 1
20 0.942800 2
220 0.860000 0
220 0.900300 1
220 0.896200 2
173 0.901300 0
173 0.916000 1
173 0.913800 2
178 0.891400 0
178 0.917300 1
178 0.910400 2
119 0.922800 0
119 0.936700 1
119 0.928500 2
190 0.897900 0
190 0.916700 1
190 0.917400 2
212 0.878300 0
212 0.905800 1
212 0.902600 2
52 0.932200 0
52 0.937300 1
52 0.936600 2
231 0.828000 0
231 0.889400 1
231 0.894700 2
24 0.933300 0
24 0.938600 1
24 0.938800 2
253 0.671600 0
253 0.800900 1
253 0.794100 2
210 0.867600 0
210 0.903200 1
210 0.902900 2
180 0.902300 0
180 0.910200 1
180 0.911900 2
167 0.908400 0
167 0.921900 1
167 0.916000 2
217 0.867400 0
217 0.899800 1
217 0.904000 2
171 0.893600 0
171 0.921400 1
171 0.915400 2
65 0.930500 0
65 0.935000 1
65 0.936500 2
201 0.879700 0
201 0.914600 1
201 0.911400 2
192 0.898500 0
192 0.915700 1
192 0.915300 2
51 0.934700 0
51 0.936800 1
51 0.939300 2
94 0.924300 0
94 0.934300 1
94 0.932000 2
195 0.888500 0
195 0.910700 1
195 0.915900 2
233 0.827000 0
233 0.885100 1
233 0.886600 2
22 0.932300 0
22 0.939400 1
22 0.941700 2
114 0.921800 0
114 0.932000 1
114 0.932900 2
158 0.906700 0
158 0.924100 1
158 0.924400 2
48 0.935400 0
48 0.937400 1
48 0.939400 2
133 0.918900 0
133 0.925500 1
133 0.926300 2
62 0.929500 0
62 0.937900 1
62 0.931500 2
241 0.806700 0
241 0.874400 1
241 0.877700 2
87 0.931400 0
87 0.936900 1
87 0.933700 2
103 0.930600 0
103 0.936100 1
103 0.936300 2
107 0.923500 0
107 0.935200 1
107 0.929700 2
129 0.918900 0
129 0.930700 1
129 0.930200 2
82 0.928800 0
82 0.931800 1
82 0.937800 2
234 0.835500 0
234 0.886500 1
234 0.887300 2
162 0.897800 0
162 0.924600 1
162 0.920400 2
143 0.916000 0
143 0.930900 1
143 0.923500 2
15 0.940600 0
15 0.938900 1
15 0.944300 2
160 0.913600 0
160 0.915900 1
160 0.922200 2
99 0.927700 0
99 0.935700 1
99 0.932000 2
186 0.885700 0
186 0.915000 1
186 0.911700 2
76 0.928900 0
76 0.937200 1
76 0.934200 2
215 0.850700 0
215 0.897600 1
215 0.895800 2
251 0.768200 0
251 0.854300 1
251 0.850000 2
43 0.934300 0
43 0.936300 1
43 0.933700 2
96 0.929500 0
96 0.933000 1
96 0.929000 2
164 0.907400 0
164 0.928500 1
164 0.920000 2
93 0.928500 0
93 0.934400 1
93 0.931700 2
17 0.932700 0
17 0.938800 1
17 0.938300 2
41 0.934200 0
41 0.941000 1
41 0.934100 2
214 0.866500 0
214 0.899000 1
214 0.898600 2
216 0.845200 0
216 0.900700 1
216 0.900100 2
31 0.932000 0
31 0.941500 1
31 0.939300 2
254 0.358200 0
254 0.484300 1
254 0.477200 2
242 0.813700 0
242 0.876400 1
242 0.878700 2
248 0.796000 0
248 0.861200 1
248 0.849600 2
156 0.919500 0
156 0.926300 1
156 0.920200 2
55 0.929200 0
55 0.940200 1
55 0.939500 2
139 0.914800 0
139 0.927100 1
139 0.928600 2
232 0.845300 0
232 0.888000 1
232 0.885300 2
185 0.901400 0
185 0.922700 1
185 0.913800 2
105 0.926000 0
105 0.934400 1
105 0.932600 2
42 0.932900 0
42 0.937800 1
42 0.937300 2
174 0.903200 0
174 0.917000 1
174 0.913800 2
112 0.919100 0
112 0.932700 1
112 0.932700 2
29 0.933400 0
29 0.935500 1
29 0.936300 2
181 0.895100 0
181 0.915900 1
181 0.915600 2
37 0.933700 0
37 0.940800 1
37 0.939700 2
118 0.922200 0
118 0.930100 1
118 0.929000 2
239 0.826700 0
239 0.880900 1
239 0.884700 2
132 0.920400 0
132 0.931200 1
132 0.929100 2
161 0.909900 0
161 0.926300 1
161 0.926000 2
228 0.846400 0
228 0.895400 1
228 0.893400 2
209 0.875100 0
209 0.903000 1
209 0.907000 2
247 0.795300 0
247 0.864000 1
247 0.857400 2
39 0.934400 0
39 0.937400 1
39 0.937600 2
229 0.828800 0
229 0.888200 1
229 0.895600 2
230 0.857400 0
230 0.891700 1
230 0.894900 2
142 0.913100 0
142 0.924400 1
142 0.925100 2
138 0.916200 0
138 0.930500 1
138 0.927700 2
45 0.929100 0
45 0.935700 1
45 0.937100 2
19 0.934100 0
19 0.940200 1
19 0.943500 2
218 0.851200 0
218 0.896200 1
218 0.889200 2
84 0.931600 0
84 0.937900 1
84 0.930900 2
219 0.863300 0
219 0.895800 1
219 0.892400 2
117 0.926000 0
117 0.928200 1
117 0.929300 2
10 0.935000 0
10 0.936300 1
10 0.940700 2
69 0.933800 0
69 0.937200 1
69 0.935400 2
197 0.892100 0
197 0.913500 1
197 0.914200 2
128 0.917200 0
128 0.933400 1
128 0.926700 2
245 0.799000 0
245 0.871800 1
245 0.868300 2
18 0.935500 0
18 0.939500 1
18 0.941300 2
83 0.929000 0
83 0.937000 1
83 0.932200 2
137 0.915200 0
137 0.927500 1
137 0.929000 2
46 0.933400 0
46 0.939800 1
46 0.936200 2
73 0.932800 0
73 0.934800 1
73 0.931800 2
88 0.931800 0
88 0.935600 1
88 0.937100 2
120 0.925800 0
120 0.929300 1
120 0.931900 2
7 0.935800 0
7 0.944700 1
7 0.938700 2
157 0.911500 0
157 0.928500 1
157 0.922700 2
68 0.929400 0
68 0.938400 1
68 0.935600 2
123 0.918100 0
123 0.925100 1
123 0.927700 2
40 0.932200 0
40 0.936700 1
40 0.935500 2
89 0.931200 0
89 0.933600 1
89 0.930900 2
115 0.914100 0
115 0.928800 1
115 0.933100 2
95 0.926100 0
95 0.934600 1
95 0.934700 2
61 0.927000 0
61 0.937400 1
61 0.937200 2
198 0.878900 0
198 0.908600 1
198 0.912000 2
175 0.899400 0
175 0.917600 1
175 0.916500 2
35 0.931700 0
35 0.939400 1
35 0.936600 2
54 0.934900 0
54 0.934500 1
54 0.933400 2
166 0.909400 0
166 0.924200 1
166 0.925400 2
77 0.934300 0
77 0.934500 1
77 0.936800 2
140 0.916100 0
140 0.926500 1
140 0.925700 2
187 0.895300 0
187 0.912000 1
187 0.915400 2
23 0.934100 0
23 0.943500 1
23 0.936400 2
109 0.922300 0
109 0.932900 1
109 0.933900 2
134 0.924600 0
134 0.928500 1
134 0.926700 2
100 0.923100 0
100 0.930500 1
100 0.932100 2
211 0.875200 0
211 0.902200 1
211 0.904100 2
67 0.929200 0
67 0.936600 1
67 0.929800 2
97 0.925000 0
97 0.939300 1
97 0.934500 2
152 0.918200 0
152 0.927300 1
152 0.922100 2
5 0.936400 0
5 0.940800 1
5 0.938200 2
49 0.933900 0
49 0.942400 1
49 0.938300 2
72 0.928600 0
72 0.933600 1
72 0.937600 2
122 0.923300 0
122 0.929100 1
122 0.933300 2
203 0.875200 0
203 0.905800 1
203 0.910000 2
85 0.928700 0
85 0.929600 1
85 0.931700 2
151 0.915800 0
151 0.923300 1
151 0.927900 2
25 0.933300 0
25 0.939300 1
25 0.943200 2
11 0.931700 0
11 0.945600 1
11 0.941200 2
66 0.928500 0
66 0.938500 1
66 0.939400 2
153 0.915700 0
153 0.923900 1
153 0.922000 2
221 0.857600 0
221 0.896100 1
221 0.893900 2
